25
100
152
20
[18]
[5]
[0 ,5 ,0 ,6 ,1 ,6 ,1 ,7 ,1 ,5 ,2 ,7 ,2 ,8 ,2 ,6 ,3 ,8 ,3 ,9 ,3 ,7 ,4 ,9 ,4 ,8 ,5 ,6 ,5 ,10 ,5 ,11 ,6 ,7 ,6 ,5 ,6 ,11 ,6 ,12 ,6 ,10 ,7 ,8 ,7 ,6 ,7 ,12 ,7 ,13 ,7 ,11 ,8 ,9 ,8 ,7 ,8 ,13 ,8 ,14 ,8 ,12 ,9 ,8 ,9 ,14 ,9 ,13 ,10 ,11 ,10 ,15 ,10 ,16 ,11 ,12 ,11 ,10 ,11 ,16 ,11 ,17 ,11 ,15 ,12 ,13 ,12 ,11 ,12 ,17 ,12 ,18 ,12 ,16 ,13 ,14 ,13 ,12 ,13 ,18 ,13 ,19 ,13 ,17 ,14 ,13 ,14 ,19 ,14 ,18 ,15 ,16 ,15 ,20 ,15 ,21 ,16 ,17 ,16 ,15 ,16 ,21 ,16 ,22 ,16 ,20 ,17 ,18 ,17 ,16 ,17 ,22 ,17 ,23 ,17 ,21 ,18 ,19 ,18 ,17 ,18 ,23 ,18 ,24 ,18 ,22 ,19 ,18 ,19 ,24 ,19 ,23]
[5 ,0 ,6 ,0 ,6 ,1 ,7 ,1 ,5 ,1 ,7 ,2 ,8 ,2 ,6 ,2 ,8 ,3 ,9 ,3 ,7 ,3 ,9 ,4 ,8 ,4 ,6 ,5 ,10 ,5 ,11 ,5 ,7 ,6 ,5 ,6 ,11 ,6 ,12 ,6 ,10 ,6 ,8 ,7 ,6 ,7 ,12 ,7 ,13 ,7 ,11 ,7 ,9 ,8 ,7 ,8 ,13 ,8 ,14 ,8 ,12 ,8 ,8 ,9 ,14 ,9 ,13 ,9 ,11 ,10 ,15 ,10 ,16 ,10 ,12 ,11 ,10 ,11 ,16 ,11 ,17 ,11 ,15 ,11 ,13 ,12 ,11 ,12 ,17 ,12 ,18 ,12 ,16 ,12 ,14 ,13 ,12 ,13 ,18 ,13 ,19 ,13 ,17 ,13 ,13 ,14 ,19 ,14 ,18 ,14 ,16 ,15 ,20 ,15 ,21 ,15 ,17 ,16 ,15 ,16 ,21 ,16 ,22 ,16 ,20 ,16 ,18 ,17 ,16 ,17 ,22 ,17 ,23 ,17 ,21 ,17 ,19 ,18 ,17 ,18 ,23 ,18 ,24 ,18 ,22 ,18 ,18 ,19 ,24 ,19 ,23 ,19]
[5 ,5 ,9 ,9 ,5 ,5 ,2 ,2 ,3 ,3 ,5 ,5 ,3 ,3 ,9 ,9 ,8 ,8 ,3 ,3 ,7 ,7 ,6 ,6 ,7 ,7 ,5 ,5 ,5 ,5 ,7 ,7 ,1 ,1 ,4 ,4 ,5 ,5 ,4 ,4 ,6 ,6 ,1 ,1 ,5 ,5 ,9 ,9 ,3 ,3 ,3 ,3 ,9 ,9 ,5 ,5 ,2 ,2 ,7 ,7 ,7 ,7 ,2 ,2 ,8 ,8 ,8 ,8 ,8 ,8 ,5 ,5 ,2 ,2 ,5 ,5 ,8 ,8 ,1 ,1 ,2 ,2 ,7 ,7 ,9 ,9 ,7 ,7 ,10 ,10 ,2 ,2 ,6 ,6 ,1 ,1 ,10 ,10 ,1 ,1 ,7 ,7 ,3 ,3 ,4 ,4 ,5 ,5 ,7 ,7 ,2 ,2 ,3 ,3 ,6 ,6 ,1 ,1 ,7 ,7 ,8 ,8 ,5 ,5 ,4 ,4 ,4 ,4 ,3 ,3 ,4 ,4 ,10 ,10 ,8 ,8 ,2 ,2 ,1 ,1 ,6 ,6 ,8 ,8 ,5 ,5 ,6 ,6 ,7 ,7 ,9 ,9]
[2 ,2 ,5 ,5 ,2 ,2 ,5 ,5 ,10 ,10 ,8 ,8 ,3 ,3 ,1 ,1 ,7 ,7 ,2 ,2 ,4 ,4 ,6 ,6 ,10 ,10 ,6 ,6 ,6 ,6 ,4 ,4 ,1 ,1 ,5 ,5 ,1 ,1 ,4 ,4 ,6 ,6 ,9 ,9 ,1 ,1 ,3 ,3 ,3 ,3 ,2 ,2 ,9 ,9 ,5 ,5 ,10 ,10 ,7 ,7 ,2 ,2 ,6 ,6 ,6 ,6 ,4 ,4 ,1 ,1 ,9 ,9 ,8 ,8 ,1 ,1 ,2 ,2 ,3 ,3 ,7 ,7 ,4 ,4 ,8 ,8 ,6 ,6 ,4 ,4 ,6 ,6 ,7 ,7 ,5 ,5 ,1 ,1 ,5 ,5 ,9 ,9 ,7 ,7 ,5 ,5 ,9 ,9 ,5 ,5 ,9 ,9 ,2 ,2 ,3 ,3 ,5 ,5 ,5 ,5 ,7 ,7 ,5 ,5 ,6 ,6 ,9 ,9 ,7 ,7 ,7 ,7 ,2 ,2 ,1 ,1 ,9 ,9 ,5 ,5 ,8 ,8 ,5 ,5 ,6 ,6 ,8 ,8 ,5 ,5 ,8 ,8]
[4 ,4 ,5 ,5 ,3 ,3 ,3 ,3 ,5 ,5 ,3 ,3 ,3 ,3 ,4 ,4 ,1 ,1 ,1 ,1 ,4 ,4 ,2 ,2 ,4 ,4 ,3 ,3 ,2 ,2 ,4 ,4 ,2 ,2 ,5 ,5 ,2 ,2 ,2 ,2 ,1 ,1 ,1 ,1 ,4 ,4 ,1 ,1 ,3 ,3 ,1 ,1 ,2 ,2 ,2 ,2 ,1 ,1 ,1 ,1 ,3 ,3 ,3 ,3 ,4 ,4 ,1 ,1 ,1 ,1 ,5 ,5 ,3 ,3 ,5 ,5 ,3 ,3 ,3 ,3 ,3 ,3 ,4 ,4 ,4 ,4 ,1 ,1 ,3 ,3 ,5 ,5 ,4 ,4 ,5 ,5 ,2 ,2 ,3 ,3 ,1 ,1 ,5 ,5 ,3 ,3 ,1 ,1 ,3 ,3 ,3 ,3 ,5 ,5 ,2 ,2 ,4 ,4 ,5 ,5 ,5 ,5 ,4 ,4 ,4 ,4 ,1 ,1 ,1 ,1 ,2 ,2 ,4 ,4 ,1 ,1 ,3 ,3 ,4 ,4 ,4 ,4 ,5 ,5 ,5 ,5 ,2 ,2 ,4 ,4 ,4 ,4]
